NUM_ITERS = 1

NUM_AGENTS MAX_GAP K_RANGE
         3  0.0000 [0, 1, 2]
         4  0.2618 [0, 2, 1, 3]
         5  0.3142 [0, 1, 3, 2, 4]
         6  1.1519 [4, 3, 5, 0, 1, 2]
         7  1.3614 [0, 1, 2, 5, 4, 6, 3]
         8  1.3053 [0, 1, 2, 6, 5, 4, 3, 7]
         9  1.2529 [0, 1, 2, 3, 7, 6, 5, 8, 4]
        10  1.218  [1, 2, 3, 8, 0, 7, 6, 5, 4, 9]

        11  1.2926 [8, 7, 6, 9, 10, 1, 2, 3, 4, 5, 0]
        12  1.5560 [10, 9, 8, 7, 6, 11, 1, 2, 3, 4, 5, 0]
        13  1.7299 [1, 2, 3, 4, 11, 10, 9, 8, 7, 6, 5, 0, 12]
        14  1.4524 [0, 1, 2, 3, 4, 5, 7, 6, 8, 9, 10, 11, 12, 13]
        15  1.3951 [0, 1, 2, 3, 4, 5, 6, 7, 8, 9, 10, 11, 12, 13, 14]

NUM_ITERS = 2

NUM_AGENTS MAX_GAP K_RANGE
         3  0.0000 [0, 2, 1, 0, 1, 2]
         4  0.5236 [2, 1, 0, 3, 0, 2, 1, 3]
         5  0.8901 [3, 2, 1, 0, 4, 0, 2, 1, 3, 4]
         6  1.4137 [1, 2, 4, 3, 5, 0, 1, 0, 2, 3, 4, 5]
         7  1.9373 [0, 2, 1, 3, 4, 5, 6, 0, 2, 1, 3, 4, 5, 6]

         8  1.9934 [0, 2, 1, 3, 4, 5, 6, 7, 0, 2, 1, 3, 4, 5, 6, 7]

NUM_ITERS = 3

NUM_AGENTS MAX_GAP K_RANGE
         3  0.0000 [0, 2, 1, 0, 1, 2, 0, 1, 2]
         4  0.5236 [2, 1, 3, 0, 0, 2, 1, 3, 0, 1, 2, 3]
         5  0.8901 [3, 2, 1, 4, 0, 0, 2, 1, 3, 4, 0, 1, 2, 3, 4]
         
         6  1.4137 [2, 4, 3, 5, 0, 1, 0, 2, 1, 3, 4, 5, 0, 1, 2, 3, 4, 5]

